MAE: 1.075266222928383
RMSE: 1.6211840194986462
R2: 0.9896788499701601
Adjusted R2: 0.9877024595389141
Selected Features Count: 9
